EXAMINATION PROJECT 13
AUTHOR: Thomas Toft Lindkvist
AUID643642 - Student number: 201905635
35 mod 22 = 13
Two-sided Jacobi alg. for SVD

Starting with: 
 0.0334699  0.3299642  0.6906357  0.4224867  0.2062651 
 0.2501285  0.6365585  0.8636224  0.3016556  0.0249239 
 0.3649927  0.7653810  0.3178603  0.1357284  0.1067453 
 0.7606716  0.0816723  0.5509562  0.5646519  0.7432705 
 0.9817601  0.2188498  0.4543959  0.5186540  0.5738417 
SVD done with 6 sweeps
Check UDV^T=A: 
 0.0334699  0.3299642  0.6906357  0.4224867  0.2062651 
 0.2501285  0.6365585  0.8636224  0.3016556  0.0249239 
 0.3649927  0.7653810  0.3178603  0.1357284  0.1067453 
 0.7606716  0.0816723  0.5509562  0.5646519  0.7432705 
 0.9817601  0.2188498  0.4543959  0.5186540  0.5738417 
Matrix D: 
 0.0715692  0.0000000 -0.0000000 -0.0000000 -0.0000000 
 0.0000000  0.1986784 -0.0000000  0.0000000 -0.0000000 
 0.0000000  0.0000000  0.5564608  0.0000000  0.0000000 
-0.0000000  0.0000000  0.0000000  1.0191632 -0.0000000 
-0.0000000 -0.0000000  0.0000000 -0.0000000  2.2686639 
Matrix V: 
-0.0079749  0.4905597  0.5210360 -0.4588276  0.5265799 
-0.0526383 -0.3830294  0.5681115  0.6371263  0.3490516 
 0.3455066  0.3588295 -0.5270937  0.4120903  0.5515618 
-0.8264278 -0.1880026 -0.3322859 -0.1043972  0.4004490 
 0.4413705 -0.6697284 -0.1323975 -0.4503667  0.3691840 
Matrix U: 
-0.5188250 -0.4012353 -0.5873362  0.3360354  0.3345853 
 0.3435718  0.5806930 -0.1200148  0.5926194  0.4232644 
 0.0219111 -0.4885420  0.7156308  0.3816058  0.3210858 
 0.5785614 -0.3240117 -0.2402726 -0.4549126  0.5436973 
-0.5268450  0.3976795  0.2660343 -0.4281519  0.5569534 
TODO:
Testing on random NxN matrices with N=[100, 300]
Testing is done by checking orthogonality of U and V, diagonality of D, and comparing eigenvalues with a gsl-implementation

