a = (1, 2)
b = (5, 2)
a+b = (6, 4)
a*b = (1, 12)
a/b = (0.310345, 0.275862)
