------------- PART A -------------

Using sum of off-diagonal elements as convergence criteria as this seems to give higher precision

-0.7846625 -0.0000000  0.0000000  0.0000000 -0.0000000 
 0.0000000 -0.5178728  0.0000000 -0.0000000 -0.0000000 
 0.0000000 -0.0000000 -0.2017688  0.0000000 -0.0000000 
 0.0000000 -0.0000000  0.0000000  0.7537273  0.0000000 
 0.0000000 -0.0000000 -0.0000000  0.0000000  2.7268647 

Performing eigenvalue decomposition on A
A is
 0.1507235  0.4301728  0.4943780  0.6003271  0.7115958 
 0.4301728  0.9269225  0.6634349  0.0381510  0.9910243 
 0.4943780  0.6634349  0.3096934  0.7300390  0.5822975 
 0.6003271  0.0381510  0.7300390  0.5045599  0.5025059 
 0.7115958  0.9910243  0.5822975  0.5025059  0.0843887 

D is diagonal
-0.7846625 -0.0000000  0.0000000  0.0000000 -0.0000000 
 0.0000000 -0.5178728  0.0000000 -0.0000000 -0.0000000 
 0.0000000 -0.0000000 -0.2017688  0.0000000 -0.0000000 
 0.0000000 -0.0000000  0.0000000  0.7537273  0.0000000 
 0.0000000 -0.0000000 -0.0000000  0.0000000  2.7268647 

Product VTAV is D
-0.7846625  0.0000000  0.0000000  0.0000000  0.0000000 
 0.0000000 -0.5178728  0.0000000 -0.0000000 -0.0000000 
 0.0000000  0.0000000 -0.2017688 -0.0000000  0.0000000 
 0.0000000 -0.0000000 -0.0000000  0.7537273  0.0000000 
 0.0000000 -0.0000000 -0.0000000  0.0000000  2.7268647 

Product VDVT is A
 0.1507235  0.4301728  0.4943780  0.6003271  0.7115958 
 0.4301728  0.9269225  0.6634349  0.0381510  0.9910243 
 0.4943780  0.6634349  0.3096934  0.7300390  0.5822975 
 0.6003271  0.0381510  0.7300390  0.5045599  0.5025059 
 0.7115958  0.9910243  0.5822975  0.5025059  0.0843887 

And VTV is identity
 1.0000000  0.0000000 -0.0000000 -0.0000000  0.0000000 
 0.0000000  1.0000000  0.0000000  0.0000000 -0.0000000 
-0.0000000  0.0000000  1.0000000 -0.0000000  0.0000000 
-0.0000000  0.0000000 -0.0000000  1.0000000 -0.0000000 
 0.0000000 -0.0000000  0.0000000 -0.0000000  1.0000000 

Performing tests on part A - with n=[100, 300]
Test 1 (size of A is 142 x 142):  	Success (code 0)
Test 2 (size of A is 235 x 235):  	Success (code 0)


------------- PART B -------------

Diagonalized hamiltonian of size 20
The lowest 5 eigenenergies are
n=1 	calculated to be = 9.851211269 	exact = 9.869604401
n=2 	calculated to be = 39.1847853 	exact = 39.4784176
n=3 	calculated to be = 87.34545851 	exact = 88.82643961
n=4 	calculated to be = 153.2574011 	exact = 157.9136704
n=5 	calculated to be = 235.448249 	exact = 246.74011

Plot produced - eigenfunc.out

