------------- PART A -------------

Using non-chaninging diagonal as convergence-criteria

-0.8931990  0.0000000 -0.0000000  0.0000000 -0.0000000 
 0.0000000  0.2318059 -0.0000000  0.0000000  0.0000000 
-0.0000000 -0.0000000  0.5293534  0.0000000 -0.0000000 
 0.0000000  0.0000000  0.0000000  0.7334886  0.0000000 
-0.0000000  0.0000000 -0.0000000  0.0000000  2.8562776 

Performing eigenvalue decomposition on A
A is
 0.6099282  0.9216504  0.3118227  0.2545438  0.7003517 
 0.9216504  0.5572363  0.9198495  0.5697853  0.1502852 
 0.3118227  0.9198495  0.4775784  0.1921081  0.7211357 
 0.2545438  0.5697853  0.1921081  0.8689234  0.6191400 
 0.7003517  0.1502852  0.7211357  0.6191400  0.9440603 

Product VDVT is A
 0.6099282  0.9216504  0.3118227  0.2545438  0.7003517 
 0.9216504  0.5572363  0.9198495  0.5697853  0.1502852 
 0.3118227  0.9198495  0.4775784  0.1921081  0.7211357 
 0.2545438  0.5697853  0.1921081  0.8689234  0.6191400 
 0.7003517  0.1502852  0.7211357  0.6191400  0.9440603 

D is diagonal
-0.8931990  0.0000000 -0.0000000  0.0000000 -0.0000000 
 0.0000000  0.2318059 -0.0000000  0.0000000  0.0000000 
-0.0000000 -0.0000000  0.5293534  0.0000000 -0.0000000 
 0.0000000  0.0000000  0.0000000  0.7334886  0.0000000 
-0.0000000  0.0000000 -0.0000000  0.0000000  2.8562776 

Product VTAV is D
-0.8931990  0.0000000 -0.0000000 -0.0000000 -0.0000000 
 0.0000000  0.2318059 -0.0000000  0.0000000  0.0000000 
-0.0000000 -0.0000000  0.5293534  0.0000000 -0.0000000 
 0.0000000  0.0000000  0.0000000  0.7334886  0.0000000 
-0.0000000  0.0000000 -0.0000000  0.0000000  2.8562776 

And VTV is identity
 1.0000000 -0.0000000 -0.0000000  0.0000000  0.0000000 
-0.0000000  1.0000000 -0.0000000  0.0000000  0.0000000 
-0.0000000 -0.0000000  1.0000000  0.0000000  0.0000000 
 0.0000000  0.0000000  0.0000000  1.0000000 -0.0000000 
 0.0000000  0.0000000  0.0000000 -0.0000000  1.0000000 

Performing tests on part A - with n=[100, 300]
Test 1 (size of A is 177 x 177):  	Success (code 0)
Test 2 (size of A is 271 x 271):  	Success (code 0)
Test 3 (size of A is 140 x 140):  	Success (code 0)
Test 4 (size of A is 148 x 148):  	Success (code 0)
Test 5 (size of A is 273 x 273):  	Success (code 0)


------------- PART B -------------

Diagonalized hamiltonian of size 200
The lowest 5 eigenenergies are
n=1 	calculated to be = 9.869403481 	exact = 9.869604401
n=2 	calculated to be = 39.47520297 	exact = 39.4784176
n=3 	calculated to be = 88.81016617 	exact = 88.82643961
n=4 	calculated to be = 157.8622412 	exact = 157.9136704
n=5 	calculated to be = 246.6145597 	exact = 246.74011

Plot produced - eigenfunc.out



------------- PART C -------------

Timing output to file timing.out - plots generated.
Plot of our Jacobi diagonalization in jacobi.timing.png, and gsl implementation in gsl.timing.png
As seen from the plots the gsl implementation is much faster
