------------- PART A -------------

Using sum of off-diagonal elements as convergence criteria as this seems to give higher precision

-1.1878898  0.0000000 -0.0000000  0.0000000 -0.0000000 
-0.0000000 -0.5376641  0.0000000  0.0000000  0.0000000 
 0.0000000 -0.0000000  0.5124805  0.0000000 -0.0000000 
 0.0000000  0.0000000  0.0000000  0.5906532  0.0000000 
 0.0000000 -0.0000000 -0.0000000 -0.0000000  2.9230604 

Performing eigenvalue decomposition on A
A is
 0.6198402  0.5367498  0.2558488  0.9822155  0.8636687 
 0.5367498  0.1042258  0.5887454  0.0991897  0.8229526 
 0.2558488  0.5887454  0.9686732  0.9508451  0.7979068 
 0.9822155  0.0991897  0.9508451  0.1343442  0.0377643 
 0.8636687  0.8229526  0.7979068  0.0377643  0.4735568 

Product VDVT is A
 0.6198402  0.5367498  0.2558488  0.9822155  0.8636687 
 0.5367498  0.1042258  0.5887454  0.0991897  0.8229526 
 0.2558488  0.5887454  0.9686732  0.9508451  0.7979068 
 0.9822155  0.0991897  0.9508451  0.1343442  0.0377643 
 0.8636687  0.8229526  0.7979068  0.0377643  0.4735568 

D is diagonal
-1.1878898  0.0000000 -0.0000000  0.0000000 -0.0000000 
-0.0000000 -0.5376641  0.0000000  0.0000000  0.0000000 
 0.0000000 -0.0000000  0.5124805  0.0000000 -0.0000000 
 0.0000000  0.0000000  0.0000000  0.5906532  0.0000000 
 0.0000000 -0.0000000 -0.0000000 -0.0000000  2.9230604 

Product VTAV is D
-1.1878898  0.0000000  0.0000000  0.0000000  0.0000000 
 0.0000000 -0.5376641  0.0000000  0.0000000  0.0000000 
 0.0000000  0.0000000  0.5124805  0.0000000 -0.0000000 
 0.0000000  0.0000000  0.0000000  0.5906532 -0.0000000 
 0.0000000  0.0000000  0.0000000 -0.0000000  2.9230604 

And VTV is identity
 1.0000000 -0.0000000 -0.0000000  0.0000000 -0.0000000 
-0.0000000  1.0000000 -0.0000000 -0.0000000  0.0000000 
-0.0000000 -0.0000000  1.0000000  0.0000000 -0.0000000 
 0.0000000 -0.0000000  0.0000000  1.0000000  0.0000000 
-0.0000000  0.0000000 -0.0000000  0.0000000  1.0000000 

Performing tests on part A - with n=[100, 300]
Test 1 (size of A is 283 x 283):  	Success (code 0)
Test 2 (size of A is 289 x 289):  	Success (code 0)
Test 3 (size of A is 252 x 252):  	Success (code 0)
Test 4 (size of A is 103 x 103):  	Success (code 0)
Test 5 (size of A is 174 x 174):  	Success (code 0)


------------- PART B -------------

Diagonalized hamiltonian of size 200
The lowest 5 eigenenergies are
n=1 	calculated to be = 9.869403481 	exact = 9.869604401
n=2 	calculated to be = 39.47520297 	exact = 39.4784176
n=3 	calculated to be = 88.81016617 	exact = 88.82643961
n=4 	calculated to be = 157.8622412 	exact = 157.9136704
n=5 	calculated to be = 246.6145597 	exact = 246.74011

Plot produced - eigenfunc.out

