------------- PART A -------------

Using non-chaninging diagonal as convergence-criteria

-1.1274516  0.0000000  0.0000000 -0.0000000  0.0000000 
-0.0000000 -0.1512244 -0.0000000 -0.0000000  0.0000000 
 0.0000000 -0.0000000  0.1484119  0.0000000 -0.0000000 
-0.0000000  0.0000000  0.0000000  0.4934195  0.0000000 
 0.0000000  0.0000000 -0.0000000  0.0000000  3.1679792 

Performing eigenvalue decomposition on A
A is
 0.5631204  0.8182006  0.4840741  0.1548027  0.4478613 
 0.8182006  0.2018392  0.9167290  0.9653254  0.2171864 
 0.4840741  0.9167290  0.9795525  0.7990600  0.7989841 
 0.1548027  0.9653254  0.7990600  0.1812862  0.8454914 
 0.4478613  0.2171864  0.7989841  0.8454914  0.6053364 

Product VDVT is A
 0.5631204  0.8182006  0.4840741  0.1548027  0.4478613 
 0.8182006  0.2018392  0.9167290  0.9653254  0.2171864 
 0.4840741  0.9167290  0.9795525  0.7990600  0.7989841 
 0.1548027  0.9653254  0.7990600  0.1812862  0.8454914 
 0.4478613  0.2171864  0.7989841  0.8454914  0.6053364 

D is diagonal
-1.1274516  0.0000000  0.0000000 -0.0000000  0.0000000 
-0.0000000 -0.1512244 -0.0000000 -0.0000000  0.0000000 
 0.0000000 -0.0000000  0.1484119  0.0000000 -0.0000000 
-0.0000000  0.0000000  0.0000000  0.4934195  0.0000000 
 0.0000000  0.0000000 -0.0000000  0.0000000  3.1679792 

Product VTAV is D
-1.1274516  0.0000000  0.0000000 -0.0000000  0.0000000 
-0.0000000 -0.1512244 -0.0000000  0.0000000  0.0000000 
 0.0000000 -0.0000000  0.1484119  0.0000000 -0.0000000 
-0.0000000  0.0000000  0.0000000  0.4934195  0.0000000 
 0.0000000  0.0000000 -0.0000000  0.0000000  3.1679792 

And VTV is identity
 1.0000000 -0.0000000  0.0000000 -0.0000000  0.0000000 
-0.0000000  1.0000000  0.0000000  0.0000000  0.0000000 
 0.0000000  0.0000000  1.0000000  0.0000000  0.0000000 
-0.0000000  0.0000000  0.0000000  1.0000000  0.0000000 
 0.0000000  0.0000000  0.0000000  0.0000000  1.0000000 

Performing tests on part A - with n=[100, 300]
Test 1 (size of A is 249 x 249):  	Success (code 0)
Test 2 (size of A is 240 x 240):  	Success (code 0)
Test 3 (size of A is 262 x 262):  	Success (code 0)
Test 4 (size of A is 235 x 235):  	Success (code 0)
Test 5 (size of A is 179 x 179):  	Success (code 0)


------------- PART B -------------

Diagonalized hamiltonian of size 200
The lowest 5 eigenenergies are
n=1 	calculated to be = 9.869403481 	exact = 9.869604401
n=2 	calculated to be = 39.47520297 	exact = 39.4784176
n=3 	calculated to be = 88.81016617 	exact = 88.82643961
n=4 	calculated to be = 157.8622412 	exact = 157.9136704
n=5 	calculated to be = 246.6145597 	exact = 246.74011

Plot produced - eigenfunc.out



------------- PART C -------------

Timing output to file timing.out - plots generated.
Plot of our Jacobi diagonalization in jacobi.timing.png, and gsl implementation in gsl.timing.png
As seen from the plots the gsl implementation is much faster
