------------- PART A -------------

Using non-chaninging diagonal as convergence-criteria

-0.7477766  0.0000000 -0.0000000  0.0000000 -0.0000000 
 0.0000000 -0.2133182 -0.0000000  0.0000000  0.0000000 
-0.0000000  0.0000000  0.0364234  0.0000000 -0.0000000 
 0.0000000  0.0000000  0.0000000  0.3049803  0.0000000 
-0.0000000  0.0000000 -0.0000000  0.0000000  2.9373612 

Performing eigenvalue decomposition on A
A is
 0.2710477  0.2464372  0.4460353  0.5835702  0.5167326 
 0.2464372  0.1131107  0.7307302  0.8773061  0.4960019 
 0.4460353  0.7307302  0.6138104  0.4054514  0.8747954 
 0.5835702  0.8773061  0.4054514  0.7382686  0.8024552 
 0.5167326  0.4960019  0.8747954  0.8024552  0.5814327 

Product VDVT is A
 0.2710477  0.2464372  0.4460353  0.5835702  0.5167326 
 0.2464372  0.1131107  0.7307302  0.8773061  0.4960019 
 0.4460353  0.7307302  0.6138104  0.4054514  0.8747954 
 0.5835702  0.8773061  0.4054514  0.7382686  0.8024552 
 0.5167326  0.4960019  0.8747954  0.8024552  0.5814327 

D is diagonal
-0.7477766  0.0000000 -0.0000000  0.0000000 -0.0000000 
 0.0000000 -0.2133182 -0.0000000  0.0000000  0.0000000 
-0.0000000  0.0000000  0.0364234  0.0000000 -0.0000000 
 0.0000000  0.0000000  0.0000000  0.3049803  0.0000000 
-0.0000000  0.0000000 -0.0000000  0.0000000  2.9373612 

Product VTAV is D
-0.7477766  0.0000000 -0.0000000 -0.0000000 -0.0000000 
 0.0000000 -0.2133182  0.0000000  0.0000000  0.0000000 
-0.0000000  0.0000000  0.0364234  0.0000000 -0.0000000 
-0.0000000  0.0000000  0.0000000  0.3049803  0.0000000 
-0.0000000  0.0000000 -0.0000000  0.0000000  2.9373612 

And VTV is identity
 1.0000000  0.0000000  0.0000000  0.0000000  0.0000000 
 0.0000000  1.0000000  0.0000000 -0.0000000 -0.0000000 
 0.0000000  0.0000000  1.0000000  0.0000000 -0.0000000 
 0.0000000 -0.0000000  0.0000000  1.0000000  0.0000000 
 0.0000000 -0.0000000 -0.0000000  0.0000000  1.0000000 

Performing tests on part A - with n=[100, 300]
Test 1 (size of A is 246 x 246):  	Success (code 0)
Test 2 (size of A is 104 x 104):  	Success (code 0)
Test 3 (size of A is 279 x 279):  	Success (code 0)
Test 4 (size of A is 180 x 180):  	Success (code 0)
Test 5 (size of A is 163 x 163):  	Success (code 0)


------------- PART B -------------

Diagonalized hamiltonian of size 200
The lowest 5 eigenenergies are
n=1 	calculated to be = 9.869403481 	exact = 9.869604401
n=2 	calculated to be = 39.47520297 	exact = 39.4784176
n=3 	calculated to be = 88.81016617 	exact = 88.82643961
n=4 	calculated to be = 157.8622412 	exact = 157.9136704
n=5 	calculated to be = 246.6145597 	exact = 246.74011

Plot produced - eigenfunc.out



------------- PART C -------------

Timing output to file timing.out - plots generated.
Plot of our Jacobi diagonalization in jacobi.timing.png, and gsl implementation in gsl.timing.png
As seen from the plots the gsl implementation is much faster
